0 3 12
0 3 13
0 3 14
0 4 10
0 4 11
0 4 12
0 4 13
0 4 14
0 4 15
0 4 16
0 5 10
0 5 11
0 5 12
0 5 13
0 5 15
0 5 16
0 6 9
0 6 10
0 6 11
0 6 12
0 6 14
0 6 15
0 6 16
0 6 17
0 7 9
0 7 10
0 7 11
0 7 16
0 7 17
0 8 10
0 8 15
0 8 16
0 8 17
0 9 15
0 9 16
0 10 15
0 10 16
0 10 17
0 11 14
0 11 15
0 12 13
0 12 14
0 12 15
0 13 13
0 13 14
0 14 13
0 14 14
0 15 11
0 15 12
0 15 13
0 15 14
0 15 23
0 15 24
0 16 11
0 16 12
0 16 20
0 16 21
0 16 22
0 16 23
0 16 24
0 16 25
0 17 9
0 17 10
0 17 11
0 17 12
0 17 18
0 17 19
0 17 20
0 17 21
0 17 22
0 17 23
0 17 24
0 18 9
0 18 10
0 18 11
0 18 14
0 18 15
0 18 16
0 18 17
0 18 18
0 18 19
0 18 20
0 18 21
0 19 8
0 19 9
0 19 10
0 19 11
0 19 12
0 19 13
0 19 14
0 19 15
0 19 16
0 19 17
0 19 18
0 19 19
0 20 7
0 20 8
0 20 9
0 20 10
0 20 11
0 20 12
0 20 13
0 20 14
0 20 15
0 20 16
0 21 8
0 21 9
0 21 10
0 21 11
0 21 12
0 21 13
0 21 14
0 22 8
0 22 9
0 22 10
