1 1 10
0 2 10
0 2 9
1 1 11
0 1 10
1 0 11
0 2 11
1 1 12
0 1 11
1 0 12
0 3 8
0 3 7
0 2 8
0 3 9
0 2 10
0 2 9
1 2 9
0 1 12
1 1 11
0 2 12
1 2 11
1 2 10
1 1 10
1 2 12
0 2 11
1 1 13
1 1 12
0 2 13
1 2 13
0 2 12
1 2 14
1 1 14
1 0 13
0 2 10
0 3 10
0 3 9
1 3 9
0 3 8
0 3 11
0 3 10
1 3 14
0 3 13
1 3 13
0 3 12
0 2 13
1 2 13
0 3 14
1 3 14
1 2 15
1 2 14
1 1 13
0 4 7
0 3 9
0 3 7
0 4 8
0 4 6
1 3 10
1 3 8
0 5 7
0 4 9
1 4 8
1 4 10
1 3 10
1 3 9
1 4 13
0 3 15
1 3 13
1 4 14
0 4 12
1 3 15
1 3 14
1 2 13
1 4 15
0 4 14
0 5 8
0 5 6
0 4 7
0 5 7
0 4 10
1 4 9
1 5 9
0 5 8
1 5 8
0 4 9
0 5 13
1 4 14
1 5 15
0 5 14
1 5 14
1 4 16
1 4 15
1 3 15
0 6 7
0 6 6
0 5 15
0 4 11
1 6 14
1 5 14
0 7 13
1 6 15
0 6 13
1 5 16
1 5 15
1 4 14
0 7 12
0 7 14
1 7 14
0 7 13
0 6 14
1 6 14
0 8 12
1 7 13
1 8 14
0 8 13
1 8 13
1 7 14
1 7 15
0 9 12
0 8 14
0 9 13
0 9 11
1 8 15
1 8 14
0 10 12
0 10 11
1 9 12
1 10 12
0 10 10
0 9 14
1 9 13
0 11 11
1 10 13
0 10 12
0 11 10
0 10 13
0 10 11
0 11 12
1 11 12
0 11 11
1 10 12
1 9 12
0 12 10
1 11 11
1 12 12
0 12 11
1 12 11
1 11 12
1 10 11
0 13 10
0 14 9
0 14 8
0 13 9
0 14 10
0 13 11
1 13 11
0 13 10
1 13 10
1 12 11
1 13 12
1 12 12
1 13 21
0 14 21
0 14 20
1 13 22
0 13 21
1 12 22
0 14 10
1 14 10
0 14 9
0 13 12
1 13 11
1 14 18
0 13 20
0 15 18
0 15 17
0 14 19
0 14 18
0 15 19
1 14 19
0 13 22
1 13 21
0 15 20
0 14 22
1 14 21
0 14 20
1 14 20
1 13 20
1 14 22
0 14 21
1 13 23
1 13 22
1 12 21
0 14 23
1 14 23
0 14 22
0 15 8
1 14 9
0 16 7
0 16 6
0 15 7
0 16 8
0 15 9
1 15 9
0 15 8
1 15 8
0 14 11
1 14 9
1 15 10
1 14 11
1 14 10
1 13 9
0 16 16
0 16 15
0 15 16
0 14 19
0 16 17
0 15 18
0 15 17
1 15 17
0 15 19
1 15 18
1 14 18
0 15 21
0 15 20
1 15 19
1 15 20
1 14 22
0 15 22
1 15 22
0 15 21
1 14 21
0 16 8
1 16 8
0 16 7
1 15 9
0 16 9
1 16 9
0 15 9
1 16 12
1 16 13
0 15 15
1 15 13
0 17 13
0 17 12
0 16 14
0 16 13
0 17 14
1 16 14
0 17 15
0 16 16
0 16 15
1 16 15
0 15 18
1 15 16
1 15 15
0 16 18
0 16 17
1 16 16
0 15 19
1 16 17
0 15 20
0 16 19
0 16 18
1 15 21
0 17 6
0 16 6
0 17 7
0 17 5
1 16 8
1 16 7
0 18 6
0 17 8
1 17 8
1 17 7
0 16 8
1 17 9
1 16 9
0 16 12
1 15 9
0 17 11
0 16 11
0 18 10
1 17 12
1 17 11
0 17 10
0 16 14
0 18 11
0 17 13
0 17 12
1 16 12
0 17 14
1 17 13
0 16 16
1 16 13
0 17 16
0 17 15
1 17 14
0 16 17
1 17 15
1 16 18
0 17 17
0 17 16
0 18 7
0 18 5
0 17 7
1 18 6
0 18 4
0 17 8
0 19 5
0 18 6
0 17 9
0 18 8
0 18 7
0 18 9
0 17 11
1 17 8
1 17 10
1 17 9
0 18 12
1 18 11
0 18 10
1 18 10
0 17 13
0 18 11
0 17 14
0 18 13
0 18 12
0 17 15
1 17 12
0 18 14
1 17 16
0 19 6
0 19 4
0 18 8
0 19 7
0 18 9
1 18 7
0 19 8
1 18 8
0 19 9
1 18 9
0 19 10
0 19 11
0 19 12
1 18 13
1 18 12
1 18 11
0 19 8
0 19 6
0 20 7
0 20 6
0 19 9
0 20 8
1 20 7
0 19 10
1 19 8
1 19 7
